GOOGL 2025-04-25 670.38 678.40 654.91 671.58 36485058
NVDA 2025-03-26 149.66 158.52 136.03 141.00 25411362
AAPL 2025-04-26 252.45 267.70 241.11 266.34 42129500
NFLX 2025-04-06 871.93 883.28 868.40 878.60 20029265
MSFT 2025-04-23 776.29 777.68 763.71 776.58 35463215
AMZN 2025-04-07 424.20 439.94 408.91 421.17 13133604
META 2025-04-17 697.62 708.62 684.39 698.38 40291087
TSLA 2025-04-25 195.49 203.20 191.91 199.75 49294437
ORCL 2025-04-27 500.43 517.15 495.98 506.89 30843983
BABA 2025-04-25 155.92 157.61 141.04 144.89 13037400
INTC 2025-03-30 65.50 70.10 61.60 66.70 25678000
AMD 2025-03-22 120.30 128.00 115.00 122.80 35467000
IBM 2025-04-05 120.00 125.00 115.50 118.50 20654300
CSCO 2025-04-10 47.00 50.10 45.50 48.90 17845300
SAP 2025-03-29 122.20 126.00 119.10 123.70 20864300
V 2025-03-12 240.50 245.20 235.00 240.10 31278600
MA 2025-04-15 350.00 360.00 340.00 350.20 43289000
XOM 2025-03-18 75.00 80.00 72.50 77.20 28965000
CVX 2025-04-03 160.00 165.50 155.30 160.50 17489000
BA 2025-04-12 200.00 210.00 195.00 205.30 21378000
GE 2025-03-22 80.00 85.50 78.00 82.50 22547000
WMT 2025-04-08 155.00 160.00 150.00 155.80 27564000
TGT 2025-03-15 135.00 140.00 130.50 137.10 16789000
HD 2025-04-20 300.00 315.00 290.00 310.50 29867000
LMT 2025-04-06 395.00 410.00 380.50 400.20 15834000
UPS 2025-04-14 180.00 185.50 175.00 180.90 20645000
KO 2025-03-19 58.50 60.00 57.10 59.00 16873000
PEP 2025-04-07 180.00 185.20 175.50 181.00 18754000
PFE 2025-03-21 45.00 47.50 43.80 46.10 26758000
MRK 2025-04-04 90.50 95.00 85.20 91.50 19467000
JNJ 2025-04-16 155.00 160.00 150.00 155.20 34567000
MCD 2025-04-22 220.00 230.00 210.00 218.50 26453000
DIS 2025-03-28 195.00 205.00 185.50 195.80 27834000
AMT 2025-03-17 170.00 175.00 160.00 172.50 21458000
SO 2025-04-09 65.00 68.50 60.00 64.90 14243000
NEE 2025-04-11 70.00 72.50 68.00 70.80 23154000
DUK 2025-03-25 100.00 105.00 95.50 102.00 15463000
AIG 2025-04-13 60.00 63.50 58.00 60.50 14276000
C 2025-03-31 50.00 52.50 48.00 50.60 26347000
GS 2025-03-20 355.00 365.00 345.00 358.70 22354000