1 1 BUY 100 150.50  
2 2 SELL 50 2500.00  
3 3 BUY 75 3300.00  
4 4 SELL 25 280.00  
5 5 BUY 10 880.00  
6 6 SELL 200 270.00  
7 7 BUY 150 510.00  
8 8 SELL 100 600.00  
9 9 BUY 80 13500.00  
10 10 SELL 300 24000.00  
11 1 SELL 50 152.00  
12 2 BUY 20 2515.00  
13 3 SELL 10 3325.00  
14 4 BUY 30 285.00  
15 5 SELL 100 900.00  
16 6 BUY 40 277.00  
17 7 SELL 150 275.00  
18 8 BUY 25 515.00  
19 9 SELL 50 600.00  
20 10 BUY 20 610.00  
21 1 BUY 60 153.00  
22 2 SELL 80 2530.00  
23 3 BUY 100 3340.00  
24 4 SELL 30 282.00  
25 5 BUY 50 275.00  
26 6 SELL 70 272.50  
27 7 BUY 100 520.00  
28 8 SELL 10 550.00  
29 9 BUY 30 14000.00  
30 10 SELL 200 24500.00  
31 1 SELL 25 154.50  
32 2 BUY 15 2510.00  
33 3 SELL 40 3360.00  
34 4 BUY 50 290.00  
35 5 SELL 80 900.00  
36 6 BUY 30 279.00  
37 7 SELL 10 285.00  
38 8 BUY 60 515.00  
39 9 SELL 50 13750.00  
40 10 BUY 30 620.00   